885440
140891
905035
249523
247514
653159
831877
339563
237718
485498
599159
474354
497623
271590
112017
219131
379084
547339
190069
710017
949632
172962
951439
969791
746945
395273
783591
679998
118444
574744
565267
12874
81182
598032
554628
575347
344667
715133
670536
220044
480883
399529
670487
40424
428380
285082
931416
368937
574785
70132
521704
255346
281350
647119
958024
94728
889520
44633
608968
235075
322758
518507
973069
466762
499288
434890
74248
78426
777696
717478
953962
339479
76993
293407
901490
472745
388556
837933
854042
152396
284679
530516
151750
520257
767065
209283
829975
153044
416797
85029
213563
87577
441497
956661
573362
797087
388596
203987
373710
423601
152745
609382
155368
748992
20482
920753
745205
258455
136860
293164
979644
867351
504623
32039
252639
939421
861255
251766
745518
971309
539951
91542
534793
54907
291302
943779
600390
46741
985697
614568
545026
330757
432462
517821
507635
702058
603682
75881
202832
1583
809071
542450
610888
950399
470042
912759
139812
634640
423102
74561
863824
740896
793031
514338
213010
609103
511473
641354
717490
413684
128489
543382
56312
567720
99965
17642
187395
239944
781775
267940
825650
819523
369643
339871
843163
465525
31141
227327
994702
945292
151246
609161
474025
113187
289320
943953
358927
368299
828022
506916
78210
796052
391471
589082
854475
624446
680944
566101
55552
360967
47824
70361
800987
95166
416186
455519
9067
530554
292618
584096
403391
592336
415511
159536
542411
46186
900470
300553
314952
732140
783816
257391
816648
348234
66881
734050
507564
418442
964289
554493
739241
896018
294670
715628
358459
363665
705949
652765
834524
124484
905884
721584
351646
938755
992150
131931
972108
480514
877419
284256
406382
466391
814668
564336
393010
57984
512596
332465
685410
41484
220904
454433
328410
778166
652099
848628
73189
207286
792063
41816
888030
507058
500008
201389
151503
796544
391051
945210
950901
430380
324623
20814
704346
760094
34417
609020
515700
583001
980347
890686
569058
690421
805316
500777
184620
903963
76613
550960
215807
381765
626729
418104
584570
33195
140381
191460
450719
668710
196483
66529
577823
860295
681980
592029
205973
429878
27663
484648
732574
186580
467171
288840
915967
768649
618754
577507
109516
904928
673257
870253
997253
876294
260922
581787
969704
151571
6633
211664
114855
148097
419426
610596
126649
196659
394558
808094
587208
367261
914532
429716
933172
899621
931554
102290
224270
166891
681475
192981
801937
97562
964501
957239
804549
818326
822131
709501
72274
36191
919612
807457
130298
325777
122907
35690
347720
245065
704941
252345
23835
32724
966694
502678
59446
541269
675824
970538
652172
461582
842350
701371
594942
516759
645163
392058
250202
388686
52926
126565
975527
36939
322632
521862
861831
261768
91694
45644
441467
690238
837100
866035
154228
226996
301450
860820
442907
812873
265907
976266
338262
654619
27623
686229
404703
338708
588863
439369
171277
171617
267289
623389
285159
306604
611777
208804
379445
868033
400790
556668
218163
423432
130294
186415
384206
793382
323899
577578
825575
430985
293995
199743
101020
42367
357841
248603
317863
950232
784547
787990
74739
680649
312713
755182
621467
213779
285130
200987
942766
264739
214907
278432
43277
710856
927021
352665
73001
67978
522146
646625
342721
962042
411931
710921
546412
555437
599683
146746
180809
858344
117607
984520
945146
519686
844662
940367
657373
717806
765457
274944
505465
119239
836069
670481
530059
179269
485405
156874
794179
505583
568143
738984
717832
113734
19909
17258
375544
172673
854486
851592
984722
632764
14250
104695
80363
717143
236250
866886
161144
975408
821355
681696
921379
945937
219866
395944
442815
147609
779898
762093
283979
310973
642944
376135
503904
884472
697849
225341
14863
47552
35430
970906
880608
537032
22263
494764
540400
202737
722347
25857
405396
16278
797696
621352
772021
547347
971268
984743
835422
149157
106962
649240
79949
160017
991000
730001
326332
319717
801466
410655
800670
331406
549114
745978
214844
564101
624573
65454
773376
935508
760426
126528
26330
575341
76154
967942
131873
921017
423908
106463
892780
741582
986250
202028
420771
172800
67224
180584
770871
731603
137699
660496
466429
570043
865481
290706
266178
242303
27982
726986
482084
533520
234267
329562
309965
47440
198384
428732
383225
974207
920617
56600
477349
830623
385003
46626
133939
362385
209505
514909
661757
742305
19005
400818
692542
577365
509195
206739
600494
948796
673190
376174
329152
45797
150865
775789
691899
859629
697943
624042
160302
760091
16916
971377
665423
931757
824177
546569
478276
108191
484469
316531
592382
840965
18662
555459
425597
216570
31492
659950
115085
959289
642230
433898
554637
416788
406795
312025
921404
425318
845435
638018
342378
722840
916402
505211
737174
347523
175840
143431
901635
384859
174288
783432
802544
52564
881741
817892
654956
18502
130450
560104
399070
644608
305677
409049
810992
538085
171523
249731
272910
289820
783685
160826
640048
568955
917809
89661
276122
919580
963309
735307
317997
757078
694431
437148
713143
446446
265282
2913
893515
204278
602739
231567
435270
734119
323976
231296
444377
313028
74958
797367
342582
790058
541524
801915
188090
916184
481496
415642
347370
61918
140690
235969
665923
650971
934812
35116
291939
882279
91717
12016
399695
393541
109606
180301
316378
509928
472377
240474
44613
590487
211481
224105
701611
576198
453834
540334
846855
321249
615162
501914
670593
708209
599246
837443
322602
420252
588405
947796
431456
916336
703974
110241
575296
114473
502141
518090
968473
385414
382081
52740
749352
95487
32848
938137
630115
939149
167962
133716
492733
381559
227119
597992
964569
352698
676191
283613
580181
374245
208486
216258
110844
165017
767344
594672
309753
647010
427543
582554
532742
648562
217427
605746
918650
697713
676437
58774
107282
408464
880848
3127
862444
607973
852933
424368
960578
261201
227813
504920
554895
600265
144957
895787
592439
609738
320642
419654
968225
863607
421198
433686
256639
364778
573953
147729
544593
527766
752150
231859
840045
81518
111448
702010
12254
583206
872095
386689
200299
518284
83723
669718
50727
666200
237081
528261
463938
679408
208424
50159
438553
849947
982176
452166
286211
44175
746098
717310
1243
735651
677933
215967
654152
479484
551923
99168
60740
181585
717836
899971
915736
710166
635184
953159
52608
852684
592544
938776
676875
666339
320411
202722
997843
845174
541829
554852
483827
862913
162307
562794
470887
962192
376157
375215
414205
567769
12341
456515
35282
208678
547244
352523
222510
790297
120031
4260
181325
697109
716505
485088
338475
497888
407125
671975
265520
565729
869821
241162
34643
551584
843463
396310
871021
275866
761871
162735
947125
518796
859221
660991
619613
490886
447814
962284
529392
695145
835661
346919
126703
558633
999288
909487
852357
154443
208474
64476
994326
190616
959922
488320
172845
819301
